2.112958743147832
1.307999496485186
1.5439076580237767
1.9355005446417044
1.6587646545672614
1.9181996203148768
1.6863706200844089
1.4475118993252036
1.3317749028370747
1.3564139098810735
1.3154126198509477
1.387256398922191
1.3638371128325013
1.3699417202403597
1.334983832537135
1.3531817075843877
1.2661828217380462
1.3052542114558072
1.1958797496696993
1.1416423442528507
1.092321335057422
1.0750069400742137
1.057078114247887
1.0462253409590527
1.0387461841217815
1.0217641651110037
0.9854408002595152
1.051843064763796
1.001617053092799
0.9785996043930218
0.9284220351368724
1.0411867509719728
0.9861218390221755
0.9580780207226871
0.9797567973241348
0.8959280980099065
0.9272447077825232
0.9710698307718282
0.9035612453095565
0.9191482475494581
0.8697456074066885
0.8601518884302997
0.8507936306652661
0.8123802407056653
0.8785122991700374
0.8804248122945921
0.857221098969505
0.9534651837367498
0.8220273395200617
0.8048718524321927
0.8168664254113582
0.7783712067253941
0.8459394661907016
0.7707085727893381
0.7958926868311265
0.8259633646305344
0.7873926857700524
0.8527743632681832
0.798793104612888
0.807234654734605
0.8355604121094187
0.8711575498787223
0.9204792263253685
1.0162656304394106
0.8514794654220577
0.9130541968477046
0.8707713348581909
0.8429463833055135
0.8904702136597749
0.9123925821590864
0.8344872122754889
0.8534209310518026
0.8977989832563544
0.8878243074396064
0.8538479841062276
0.7826484691348758
0.7733310320989686
0.7181717292557619
0.828880504779689
0.8564303211843254
0.8104196387867528
0.9767830906479533
0.8149087276574085
0.7104043324234857
0.7772029904719546
0.763662076992508
0.7133075133082922
0.6660327654656646
0.7204885916792447
0.7566873140458195
0.7179311083474484
0.7815251893045794
0.7438873391040817
0.8342660168845377
0.7744506479400823
0.7049594631974436
0.704938849704905
0.6821376131011871
0.7286026245426909
0.711936556526831
0.6999517731122009
